[
    [
        [0.007961687187274902,
          0.2508316510338102,
          0.6485756003941918,
          0.5481521147253382,
          0.32311469038116114,
          -0.3910924065602337,
          0.5388076314008672,
          0.8080868348872883,
          -1.595665171369668,
          0.5002581409179941,
          1.0004586198905272,
          0.44518044537604146,
          -1.047173833565732,
          0.7150254735267386,
          0.7257837392744741,
          0.38492843670549315,
          0.16200977486178245,
          -0.8150646967284375,
          -1.0106400934893935,
          0.43776414800122904,
          -0.2515482179676617,
          -0.2455706226004124,
          -0.4487469326466736,
          -0.21630608244374355,
          0.4312197182260654,
          0.005671928927479808,
          0.9064929986698971,
          0.25707683461342745,
          -0.5082153465784224,
          -0.47188727289490473,
          0.7085681231442882,
          -0.2536311377024525,
          0.43740741981265496,
          0.8060950065226696,
          0.5060819254962213,
          -0.7441083123531566,
          -0.4405628158972353,
          -0.8002998493533949,
          0.31537932222321363,
          -0.08066771695684478,
          -1.6622359329011742,
          0.010103373699779948,
          -0.030123777606069536,
          0.43782364159936205,
          -0.44494946213318864,
          0.40022575006084093,
          -0.6942285554256614,
          -0.5668779235056379,
          -0.6983333508446278],

         [0.8315532580372788,
          -0.1992647241497668,
          -0.25237167439086616,
          -0.6939921706841302,
          0.4065567547793952,
          0.16648872683745486,
          -0.5096651525612005,
          -0.738635783637462,
          1.6263048205116208,
          0.13721089833429867,
          -0.9442877979057336,
          -0.21343189877740498,
          0.8856419518742624,
          -0.38042487714471357,
          -0.39707084883885896,
          0.39736365804510637,
          -0.9052195421685599,
          -0.6514564516562884,
          -0.2418350385943765,
          -0.7926100299629678,
          -0.46706216319484084,
          -0.08002592709186773,
          -0.4465517771633472,
          -0.604913462613395,
          -0.36829613677661505,
          0.6007324401063203,
          0.45820220833321623,
          -0.8057831539372151,
          0.07969086773402552,
          0.258041962809599,
          -0.44013261222018446,
          -0.6568967204148253,
          0.07138690048221896,
          -0.15662885337216453,
          0.2128234513468912,
          -0.5245575307951403,
          -0.15224837510331818,
          -0.499362872079066,
          0.6272541802610965,
          0.21496820704947653,
          0.9769257901925332,
          -0.39023432087347926,
          -0.021409763211955698,
          -0.11315631540242257,
          -0.08895444596217143,
          0.8527423597598948,
          -0.6018094159611708,
          -0.3067180182984612,
          0.8612434378883547],

         [-0.5256460471308972,
          0.5515433083191438,
          0.6546793032514002,
          -0.7206351196172871,
          0.6919948089732031,
          -0.2612475699451249,
          0.526355484276003,
          -0.7348866508337442,
          -0.17976146808290866,
          1.0649433257123389,
          -0.4519035717829217,
          -0.128037767635167,
          0.8244550441338355,
          -0.6296876324615047,
          0.20504391393116592,
          0.892313558778752,
          -0.6019680903479343,
          0.10555388587405334,
          -0.4167493495878742,
          -0.5129712937659076,
          -0.24413116730804735,
          0.15347198103018456,
          0.2523402803700838,
          -0.9760927153333985,
          -0.6417165903878506,
          0.28030009866152783,
          0.10586619496460754,
          0.9379724453692356,
          -0.9943279668310769,
          1.1540479581736904,
          -0.029015634317638907,
          0.19646728434677938,
          0.04476380206190966,
          0.1783964662646488,
          -0.7143911273424803,
          0.07663598071393532,
          -1.1661264816997217,
          0.9257191336415914,
          0.26672384751465494,
          0.5836842188598709,
          0.12371594973328529,
          -0.9872961685355401,
          0.5419447307486028,
          -0.021505321997393384,
          -0.3115668472422516,
          -0.4876466408837434,
          -0.4948401520829286,
          0.009687240021503814,
          0.03542799901611784],

         [-0.2947784487265596,
          0.031156941568386786,
          0.7264818028637139,
          0.30140816595726555,
          -0.7782630431983903,
          0.021648122791010138,
          -0.678188065025841,
          0.7279626035253828,
          0.3477725531950117,
          -0.7827932888464555,
          0.8627162489726081,
          -0.21044121880802252,
          0.6577345587906088,
          0.9743258925191374,
          -0.6534701818709984,
          -0.7932759477816664,
          -0.43897541646629695,
          0.25901597147114536,
          0.7455175253088768,
          -0.740267080943196,
          0.31633800533505324,
          -0.19173881533933623,
          -0.3626522741599744,
          -0.9381492580650033,
          0.21795705749418465,
          0.11608723215231209,
          0.6679662918703496,
          0.49950859802793507,
          1.1455964171891848,
          -0.32459828928691814,
          0.3969309771651297,
          0.5200565455854157,
          -0.14086894340843736,
          0.06643806230357241,
          -0.006475353574855589,
          0.15445653564805284,
          -0.38985895365303863,
          -0.7269868258136042,
          -0.6511841460009482,
          0.30947178530069835,
          1.1708998541957374,
          0.27960767497093125,
          -0.39973706993391467,
          0.3711407430286803,
          0.35310132056534677,
          -0.1958445640029395,
          0.6015769897693668,
          -0.5078107982753893,
          0.3895153794097936],

         [-0.17717448885368203,
          0.04106579231526181,
          -0.4483906956728201,
          -0.008941489870822527,
          0.19862200798721996,
          0.7145158729979035,
          -1.0524566415070513,
          0.33219811753627715,
          -0.5537940216034618,
          0.757255908166568,
          0.3326398250467763,
          -0.6822401833029004,
          0.32887452144829127,
          -0.3135656323908333,
          0.4090610681251193,
          0.09320564276673962,
          -0.016293815259129697,
          0.39593214325216297,
          0.6915489741557328,
          -0.6651793960665476,
          -0.9145953102260989,
          0.6461179248395559,
          -0.3056781841869689,
          0.12530853464244,
          -0.8964691680543132,
          0.13813086203308877,
          -0.5376657126500328,
          -0.30277136001120863,
          -0.5129230784613696,
          -0.08519680583113283,
          -0.5619051823582546,
          -0.7654435239804102,
          0.6036299652746078,
          -0.08804368427106678,
          -0.2911518012956938,
          -0.25911510405514065,
          1.1513474312676135,
          0.786925494923308,
          0.1887000209384624,
          0.6709491406438396,
          1.0330166202945519,
          0.5515714889285374,
          -0.41416525815779476,
          -0.12198267859476945,
          -0.6736892417571168,
          0.9974449793169909,
          0.8852702970667369,
          0.3529061714457614,
          0.09649824957135793],

         [-0.734237908286332,
          -0.571981877530383,
          0.48927033790152774,
          0.3851329853951585,
          -0.7755734422486602,
          -0.007894078035916019,
          -0.6269571836956055,
          -0.021562354090149283,
          0.2769104001814042,
          -0.7803300789300766,
          1.0639092314841554,
          0.1482861426861554,
          0.21784117093324806,
          -0.7330683757121194,
          0.11967595263085169,
          -0.7293183151613664,
          0.938192849499966,
          -0.2376340847418245,
          -0.8228768618206267,
          0.6815981678239962,
          0.8584666125209144,
          -0.28679290832688076,
          0.622822310594741,
          1.0008135694312013,
          -0.7098079454107232,
          -0.883611031792565,
          0.9088449558175341,
          0.06360573990374355,
          -0.10753816985400788,
          -0.57887593666942,
          -0.5185736125011371,
          0.27090074673142284,
          -0.02510768093173832,
          -0.2002899173558687,
          -0.7844862245653333,
          0.6381207409767585,
          0.3848966721889282,
          0.9977020708500431,
          0.48128702005607943,
          -0.40642046368419077,
          0.5167665124173483,
          0.2394847150585493,
          -0.04553679245655973,
          -0.824490520964029,
          0.5003607172477286,
          -0.2696744560436253,
          0.5860602194282607,
          -0.5214071647831088,
          0.5168803062831915],

         [0.005122809671297332,
          0.9367299140593695,
          0.9344607881783196,
          -0.7173495319378835,
          0.3239068150278867,
          0.7630019975642162,
          0.7384577418531681,
          0.8960389477548729,
          0.9837039775448128,
          -0.19668373241461448,
          -1.0157505690580775,
          -0.16087273782391232,
          -0.33104458621838817,
          0.48749713294677793,
          -0.9019276646174973,
          0.3607840733390236,
          0.26079595718203796,
          0.6862297934461372,
          -0.6875687545391989,
          0.8009459547751417,
          0.21751964069592106,
          0.20737807232570016,
          0.8537274781628205,
          0.9728852226012706,
          -0.4690596311460513,
          -0.5567153111537977,
          0.6069647695961098,
          -0.08257938353260626,
          -0.5920606852338299,
          0.25550237775753876,
          -0.5978179494219251,
          -0.9352245076836457,
          -0.48662318119412284,
          1.032465981199568,
          -0.5202414870543154,
          0.4693637803323794,
          -0.3878308765747358,
          0.7250097213294341,
          0.7039582225039686,
          0.4440301794800068,
          -1.0721389931575125,
          0.40467250062317156,
          0.976082139103453,
          0.10162537789718802,
          0.7566940268978581,
          -0.6491395752019907,
          -0.7638902002970267,
          -0.025964348835594158,
          0.26566841979046496],

         [0.7505619476703705,
          0.4718600044109749,
          -0.495742421762406,
          0.043878196668458325,
          -0.13311981431657738,
          0.26333880466813286,
          -0.4039785737832222,
          0.10180168511093779,
          0.19696838686968968,
          0.6818961688686791,
          0.32328330177018616,
          1.0145661180117054,
          -0.8594561669674732,
          -0.5605579095325212,
          -0.4199519110179275,
          0.7668843487958631,
          0.19397860524491592,
          0.0728779573908823,
          -0.400455502342029,
          0.9074874022538819,
          0.7998368716498347,
          0.17495628659225737,
          0.22194497127608914,
          0.886818669624383,
          -0.5353222621883191,
          -0.45788464069866674,
          -0.08997739174319376,
          -0.5771937527529941,
          0.7755545468873363,
          0.03705455219180544,
          0.8383011910646467,
          -0.6475073439584921,
          -0.42780119111580706,
          0.24065388034845697,
          0.6405450557614341,
          -0.7559544704226846,
          0.5631009539025091,
          -0.436442486926948,
          0.5627153314937097,
          0.27678923457811155,
          0.11788973584950918,
          0.8294744339174737,
          -0.3131720385967875,
          -0.0999052555218725,
          0.12620312721413385,
          1.00251742773914,
          0.6935903840675929,
          -0.841479400274313,
          -0.23280708685003096],

         [0.0007931784141710607,
          -0.34590006524496086,
          0.12050592994368814,
          -0.03494276801018557,
          -0.884970564243947,
          -0.6316512670139693,
          0.7599092934251288,
          -0.6546671796580756,
          0.38678380498756715,
          0.9968659548428952,
          0.21567681986095355,
          -0.2965009854951875,
          -0.7831230296384695,
          0.0918612350283532,
          0.037685277825544525,
          0.9266744912493394,
          -0.19723237196084162,
          -0.009293027584847912,
          0.6830605236238506,
          -0.2863722923618145,
          -0.7536461383077895,
          -0.1921640944326115,
          -0.2596516062124562,
          -0.01780061164270309,
          -0.4355473054723791,
          -0.20715261817048392,
          0.0739544322509612,
          0.04591483026495573,
          -1.2591384763945552,
          0.11347481909933269,
          -0.6312682283121385,
          -0.22949087441048566,
          -0.6325532468032011,
          0.9113902844787493,
          -0.08684268577822991,
          -1.037725096139815,
          -0.4645080467782628,
          -0.24043256975915708,
          0.640658736582194,
          0.7583605520916473,
          0.22232358640704505,
          -0.6717830780978179,
          -0.1955417009642922,
          -0.20900849612852285,
          0.7144965207369327,
          -0.2005696311832921,
          0.47100700823414754,
          0.39914376412866237,
          -0.015055026516155846],

         [-0.2652948112703549,
          -0.8956792282949464,
          0.16324077341837517,
          0.63570878569972,
          -0.5280551617513566,
          -0.33581360466619703,
          0.2101467812566441,
          -0.5413953324784815,
          -0.5051850565184813,
          0.02974582089646123,
          0.15292971360209678,
          0.928916914508742,
          -0.38186247035167004,
          0.028180042073535312,
          0.5557573887401833,
          0.1894207885406128,
          -0.3824465063489375,
          0.37543158735017157,
          -0.01548560441271321,
          0.7190346169056593,
          -0.7569554088264354,
          -0.9776209140172019,
          -0.3517454532034846,
          -0.23079473937604783,
          -0.7298344058696961,
          -0.6455857272764285,
          0.8904877912924704,
          -0.14126534161065402,
          0.9046748551737706,
          0.6505571069500286,
          0.17267602622733272,
          0.5933790477151537,
          0.6615447460938066,
          -0.9065557400792729,
          0.6939242473531994,
          -0.10433669878465207,
          0.18276025067847115,
          0.11584500949955706,
          0.9974459872332135,
          -0.2074492452603763,
          0.7403784067932407,
          0.7968254878117547,
          0.42378699352887234,
          -0.22057287439821455,
          0.5695762080856815,
          -0.1764186754821071,
          0.11091652447870229,
          -0.49862079527867265,
          0.34199019140612263],

         [-0.5393000734780643,
          -0.1638050945158644,
          -0.5629578630493086,
          -0.7299781609911443,
          0.2364502233371616,
          -0.2459739428930563,
          0.5725200087719124,
          0.08105856360782848,
          -0.24901607838325812,
          0.9673544069517538,
          0.07641124462930096,
          0.5512758767489437,
          -0.26720695074323536,
          -0.9326895768622985,
          0.19981103361527336,
          -0.13095487932046332,
          -0.30672447703142924,
          -0.8081332433262467,
          -0.1392988020086617,
          -0.7859579004251956,
          0.9363066263784732,
          0.07993176959606618,
          0.027178284983435965,
          -0.7016989485706024,
          0.282190786696518,
          0.08940012421435761,
          -0.05582877905080998,
          -0.7541647485057414,
          0.10518664906506418,
          0.6326817137664439,
          0.43260582759459487,
          0.5485146231927797,
          -0.2753725038238046,
          -0.2476160769163057,
          0.5392203507676715,
          0.6323052015565434,
          -0.8735301496653304,
          1.1295710049053762,
          0.78964091723815,
          -0.6828214000365759,
          1.036264177007818,
          0.9538129825778611,
          -0.8647695141698203,
          0.2990089998929591,
          0.21977004067199907,
          0.5581854786655535,
          0.4951035427794298,
          0.9347588908990748,
          -0.25549062732194994],

         [-0.8026464611662979,
          -0.6883906826883243,
          0.4496622825654648,
          -0.3784627475397909,
          1.0274899423742578,
          -0.7359560597037518,
          0.25423462541440084,
          0.8390067851572394,
          1.6009648686494868,
          -0.1637268274908803,
          0.1546154549060201,
          0.39496292354680546,
          1.6029281512446838,
          0.7327721829276701,
          -0.7928022872382636,
          0.19842330591172866,
          0.8440929659271874,
          0.31016403501355405,
          0.7555548596297066,
          -0.21627757293168798,
          -0.3418646175622026,
          0.9120524862899548,
          -0.19541095252147922,
          -0.5120691599328153,
          -0.5309475500954702,
          0.9828084646520787,
          -0.2703735013142457,
          -0.5755425062492894,
          0.25703907092414235,
          -1.0979086696651787,
          0.9055532903245784,
          0.4094953344936057,
          -0.7572924376686347,
          -0.6017536594528813,
          0.7478431296657152,
          0.7216921925974429,
          0.8087845118520183,
          -0.1035517045984187,
          -0.8562040332524837,
          0.4167578661108164,
          0.8545537983017618,
          -0.73954144424419,
          -0.8432754388876442,
          -0.24638205021041956,
          -0.6817422716910778,
          0.45982113425214005,
          -0.717735979949588,
          -0.8380481622857662,
          -0.19122017690261406],

         [-0.762717670391727,
          0.6323639487490695,
          0.820053654775013,
          0.5799997087082468,
          0.6292873301156418,
          -0.9479743281159088,
          -0.42447654794083894,
          0.9978322935951744,
          0.8132115250103543,
          0.303895942038353,
          -0.16524444436412494,
          -0.3407982219554406,
          0.10697891406513865,
          -0.5022305950182873,
          0.46114872428660236,
          0.10204072544731417,
          -0.2010025007503191,
          -0.3161463344961958,
          -0.01679468184150377,
          -0.08903770956339656,
          -0.7484817384128086,
          0.7777345890873928,
          0.5158750248778008,
          0.507690376083456,
          -0.8143441362115518,
          0.134878567847307,
          0.4206398991532366,
          0.69543372237829,
          0.10092509543815872,
          0.18473343230516062,
          -0.6534731487637377,
          0.9309485515987266,
          -0.5578590443740203,
          -0.20766932785706763,
          -0.6781325013965868,
          -0.48149043031831734,
          0.5553733538298063,
          -1.0029223723226321,
          0.5155723864619373,
          -0.8562757051578758,
          0.7498670561576828,
          0.23254140702847678,
          0.02878437863341822,
          0.8158788059241139,
          -0.35019295822763913,
          0.47465975268771093,
          0.1720299855376801,
          0.5565247796859464,
          0.9878041644704335],

         [0.9020351079301643,
          0.347316590968362,
          -0.8119548394646063,
          -0.6711754367688022,
          -0.8657298552591673,
          -0.7586754269267086,
          -0.5884406876231781,
          0.862440956769192,
          -1.4417164460053074,
          -0.944060207920222,
          0.37554659575959315,
          -0.962787868645159,
          -1.521025356941808,
          0.19497018176373443,
          -0.7580941242337971,
          -0.9245369144110548,
          -0.550621392497017,
          -0.14610032292667977,
          0.8957464817692566,
          -0.41932726437707596,
          0.36091181153763946,
          0.5065991223358373,
          0.4552353571897806,
          -0.15739751504858132,
          -0.8857539160684876,
          0.8651246346923274,
          1.1683125883109162,
          0.03375397256828892,
          -0.6735850236829821,
          0.7381417437059905,
          0.7071855253234824,
          0.7430537477831073,
          -0.6319807361230805,
          0.9079874391863543,
          0.7522811373013447,
          0.539897097092881,
          -0.7880859748449305,
          1.2237684542043028,
          -0.348859751401241,
          1.3320076763071949,
          -1.0775492607672463,
          1.1092387575552385,
          0.4757535463521652,
          0.8953705630936043,
          0.06929634698653342,
          -0.03989039949328362,
          -0.5158030969806208,
          0.4014475647718855,
          -0.023322856220160715],

         [-0.5841143540116089,
          -0.02151940303675813,
          -0.9978418373538416,
          0.5493506130875607,
          -0.3124875976866754,
          -0.5284677770530108,
          0.3493494673065107,
          0.4170235282988326,
          0.5159261791717292,
          1.0231167973412438,
          0.7515809373799254,
          0.0841808264331997,
          -0.35013697559607293,
          0.20280997369819256,
          0.886716511856704,
          0.5649478871147258,
          0.9303727202501009,
          -0.48696544572277706,
          -0.4724306885603144,
          -0.0550360976069395,
          -0.4149595545037403,
          0.32747385085230496,
          0.6261490768962521,
          -0.9462431332893634,
          0.1353218164992081,
          0.519500331208137,
          -0.26485898459940777,
          0.4185998814000206,
          -0.2999049935640433,
          0.6123799770311589,
          -0.6596170513349623,
          -0.6199880260937887,
          0.9000695175134918,
          -0.7186250222406897,
          -0.2134880965608822,
          -1.087386479200396,
          0.3526113471462968,
          -0.576534492123077,
          -0.4570363645475433,
          0.259975807304184,
          0.6006298182160478,
          -0.1951626930677745,
          0.29157851614983576,
          -0.5094083977731327,
          0.31140034231742575,
          0.21147388925255703,
          -0.8653642421443742,
          -0.9686623791633242,
          -0.47255731260037914],

         [-0.6317366933134604,
          -0.18379046485157519,
          -0.11931321489446955,
          0.9447761917061427,
          0.49940045163905067,
          -0.9552042941130199,
          0.4346412932373351,
          0.6794099065175423,
          0.30058416747649314,
          0.894167954583668,
          0.4014783567610702,
          0.16525368051518324,
          0.5630644659704526,
          -0.32736955497829867,
          -0.8264408104287957,
          -0.24774208107291845,
          -0.7490716401380243,
          0.6920383840629981,
          -0.21508275833193585,
          0.6682020907503482,
          0.13937115027681973,
          -0.4155442951314814,
          -0.6148870199122617,
          -0.5590760144506715,
          -0.5437535218186392,
          0.13174233780075784,
          0.21678507471272285,
          0.08602043042047261,
          0.37850085261467237,
          0.9979574383833244,
          0.2821724135931951,
          0.4203358815501335,
          0.215017245688903,
          0.5645311372059503,
          -1.2656328292931405,
          -1.0679948047527017,
          0.4512950514239003,
          -0.21969421238320533,
          0.27752067835796096,
          0.4648164413124096,
          -0.7850401735246125,
          -0.854176178237198,
          0.8208887979607473,
          0.5341178835003272,
          -0.6523581538210614,
          0.7395016849088544,
          0.9225642829538764,
          -0.22080625161054596,
          0.2493834726988572],

         [0.4961686901475589,
          -0.14683580753360811,
          0.22651025194601693,
          -0.8326660420694207,
          -0.26981008466850753,
          -0.2266435416250827,
          -0.16776376302004434,
          -0.6874906628163495,
          -0.0339456133884719,
          0.6731836508936218,
          -0.43887188347076034,
          0.19614055047378942,
          -0.30406100517473533,
          0.8643349169445615,
          0.1886234793574863,
          -0.4564379720268751,
          -0.6437613013788857,
          -0.6027523624407319,
          -0.10515121187202017,
          0.20347807574628632,
          0.6739083668049839,
          -0.8041701967133832,
          -0.4398980833484548,
          -0.6533232154335737,
          0.26997880525436924,
          0.005816098886514798,
          -0.6255358484137695,
          -0.9377988144133919,
          0.5371371844505952,
          -0.29340481630155635,
          0.5471334492321677,
          -0.46763483485205964,
          0.875023266123778,
          -0.7019571716665487,
          0.7415535264838087,
          -0.700662090468272,
          0.31077713887658504,
          0.3295628415009017,
          0.3837463476144842,
          -0.4295232470480284,
          -0.798934472144888,
          -0.8114329401438565,
          0.21046095826039904,
          -0.6293165110810846,
          -0.9677559272105475,
          -0.18667802383720705,
          -0.48855302371402604,
          -0.551910969193785,
          -0.8683750602477334],

         [0.13561686569338016,
          0.8216784078193026,
          0.6549326307986338,
          0.9452723868360001,
          -0.2690699601024127,
          0.9989986190784466,
          0.7961393468869514,
          0.6835480778647223,
          -1.5470310047171787,
          -0.5502470395427075,
          -0.576597414403814,
          0.1277666490408659,
          -1.016229308157044,
          0.7926685231525626,
          0.16292355597553707,
          -0.22403125049337205,
          -0.42655032987741887,
          -0.16958507829557637,
          -0.26859881206807035,
          0.49419974020977475,
          -0.21584531387333808,
          -0.3733385385172172,
          0.8957693083680641,
          0.26361947637322297,
          0.6673249486783543,
          -0.2424123403911156,
          0.31957258033642566,
          0.6001243143766176,
          0.028394694997240105,
          0.14885290522485264,
          0.556232199610549,
          -0.7615094613791579,
          0.85353901964159,
          -0.7001278694389066,
          0.6478729944973216,
          0.7859183111309214,
          -0.23038236587296748,
          0.604811626225483,
          0.9595331515853865,
          -0.14372561591127675,
          -1.3438589990965077,
          1.0727607705018312,
          -0.4281155870379154,
          0.7961306995017767,
          0.5704614024522089,
          0.5457581862552506,
          0.3097729100350718,
          0.040108115995132164,
          -0.5874316237659034],

         [0.17052050929995802,
          0.7727589180130641,
          -0.6278580215659992,
          -0.10040025601843876,
          0.7540404200645949,
          0.6801125006308057,
          0.12059122371279613,
          -0.0659800156606194,
          0.8398025990708222,
          0.6743671303050301,
          0.1241065447978494,
          -0.5597001987129969,
          0.0023046000182896237,
          -0.7573133850776796,
          0.1683331228996549,
          0.889064499104968,
          -0.5435973321133215,
          -0.10856711576307322,
          -0.8913486617413593,
          1.196828601677734,
          -0.7631709701997781,
          0.979643228944652,
          -0.7200245196014716,
          -0.1281964371102648,
          0.10441186612730999,
          -0.18450795995075908,
          -0.6601549146844052,
          -0.7693263722783786,
          -0.749316029265192,
          0.7323761483549418,
          0.9289493327526294,
          -0.40833457635407433,
          -0.10264206018903943,
          -0.3076068364499093,
          -0.6752362102330252,
          0.3759276917379176,
          -1.0798054521001936,
          0.28336336016971775,
          0.9250478835131986,
          0.8922939698433918,
          0.6578871025494175,
          -0.35558817847183616,
          0.544907303570932,
          0.20898620839300927,
          -0.37532331224195226,
          -0.9883890024403486,
          -0.5689646190738177,
          0.18981054895742094,
          0.7403283927869408],

         [-0.5252012457008862,
          0.5892838144495828,
          -0.5632994153122819,
          -0.952054538635994,
          -0.2643208437270546,
          0.5099137914450367,
          -0.039496587524175904,
          0.6287342875199018,
          0.7487331839959486,
          0.07567554399700345,
          -0.10590352686529374,
          -0.32925670070963586,
          0.449505034789351,
          0.6953505055107232,
          -0.08748265010334728,
          0.4090329382452345,
          0.5532191392204292,
          -0.9371244887731297,
          -0.6029281099468091,
          0.8879694400717996,
          -0.4059792030633395,
          -0.17147628309448448,
          0.9529115210074758,
          -0.49306286160430735,
          -0.13331363457880374,
          0.9368752402996348,
          0.04977338216084545,
          -0.17911462159851219,
          0.4810000661387494,
          -0.9279665893398075,
          0.9449229003248225,
          -0.35938924604150446,
          -0.3057492480663062,
          -0.6200396765633692,
          0.6842990867373426,
          -0.024364561769218463,
          -0.19445284424579393,
          1.0907145285219626,
          0.23782257860750355,
          0.38643215166791867,
          1.241393356980328,
          -0.4819190857417835,
          -0.08509415113620157,
          -0.3487652419870007,
          -0.896906438927777,
          -0.6543951451925323,
          -0.6181127986868893,
          -0.026606692486071296,
          0.26458486439726664],

         [-0.36171540169248606,
          0.802788256727434,
          -0.685429900105063,
          -0.9087986872546301,
          -0.2225276402890721,
          0.3269268336960989,
          0.09490637165621793,
          0.8539535876317286,
          -0.7929430486637097,
          -0.7804973447891731,
          -0.27894108634982456,
          -0.7545168577925946,
          0.7288965926821926,
          0.7220088827144856,
          0.8697315799381529,
          -0.5005159272777157,
          -0.1845166600578351,
          0.49766617025110893,
          1.0129732278672505,
          -0.8909509677200833,
          0.4906951923535794,
          -0.5719119598337397,
          -0.23481496616582334,
          0.9646716664594036,
          0.6604699706174149,
          -0.4211283190921973,
          -0.6242851719143283,
          -0.1542913959603196,
          0.6098362502580409,
          -0.7328186200647862,
          0.3041596494117719,
          0.03992196550718279,
          0.07327475243340964,
          -0.9837298494823747,
          0.11542527781050488,
          1.0878642145169004,
          0.9479377264435371,
          -0.1238433032970804,
          1.1942244703317804,
          -0.5453810832534788,
          -0.1400453392197975,
          1.0056081198597808,
          -0.8439970771682286,
          0.18156008559555498,
          -0.720263295952344,
          -0.2990127355347875,
          -0.2356205488800157,
          -0.08600046479362697,
          0.6870393864133505],

         [-0.30687095828887984,
          -0.3487826441471448,
          -0.3180809838989951,
          0.43034868491688694,
          -0.4077016862801722,
          -0.08976596890871535,
          -0.3230459022228435,
          -0.11371168328969539,
          -0.055467645178662144,
          0.9325850419502651,
          0.8202192438610979,
          0.7561318511040642,
          0.474195211841026,
          0.45004116878178396,
          0.22225124024516468,
          -0.17392460008428004,
          -0.2691549855459341,
          -0.8512836999452923,
          -0.9406192047278613,
          1.2620665483015439,
          -0.2573503715902906,
          0.5597536293323464,
          -0.46961471396152477,
          0.27676637786268854,
          0.8471846716525471,
          -0.9090693084468529,
          0.795760337693288,
          -0.7827896985207221,
          -0.002793927698063866,
          0.8778021119221461,
          0.313766301088287,
          -0.36922992988710923,
          0.10828224168091549,
          0.5598783726797291,
          -0.897045940090009,
          -0.8169977930891265,
          -0.15664555208886027,
          -0.393611733255584,
          -0.7695187717711948,
          -0.38453255204269104,
          -0.05038780607250104,
          0.11496413280719589,
          -0.1915793961339129,
          0.14052935267385752,
          0.14467890448640985,
          -0.9136649742155388,
          -0.023102841234478498,
          0.8371387427147214,
          -0.2422541016683182],

         [0.1486010063951036,
          -0.055332368459755435,
          -0.8219942671666745,
          0.9163272944112446,
          0.31361265584182996,
          0.37328088566937656,
          0.44078940628181884,
          -0.864466593048486,
          -0.49802147614486875,
          0.9726910056681337,
          0.5482057007934613,
          0.05712800084675823,
          0.10300326378533466,
          0.9893416076982912,
          -0.8200180748916681,
          0.3402796081570585,
          0.9601229534798741,
          0.626381787588767,
          0.2547790549460941,
          0.1460057392612549,
          0.9296022309798879,
          0.4643582825533348,
          -0.006793472222023408,
          -0.8747289861722201,
          -0.2049281310845004,
          0.7650000089072329,
          0.419694753487973,
          0.3475910024315157,
          -0.20202127639283432,
          -0.21692812428031744,
          0.9022361145138502,
          0.08641797320718371,
          0.5228956928460748,
          0.7397312382704796,
          0.8276762264810218,
          -0.5763051748125148,
          0.6804989946986043,
          -0.957142813736452,
          0.8484370951951121,
          0.06532387654075497,
          1.0256981839885995,
          0.7827207982717012,
          -0.9239193256496229,
          -0.6038833083090442,
          -0.4455914667390197,
          0.4861638500872582,
          0.5990777712951482,
          -0.6292846298331572,
          -0.2632304679311724],

         [0.9051968227043723,
          -0.36029202543142114,
          -0.37765580138839017,
          0.6114120736656852,
          -0.09885957790447561,
          -0.5675494203793625,
          0.16948132917499534,
          -0.20447313265630984,
          -0.3372664550693358,
          -0.015548883321531697,
          1.132258511532329,
          -0.21101969332665776,
          -0.26710430707649063,
          -0.1307655114114068,
          0.8411724841435371,
          -0.5339187512026854,
          -0.671358847240338,
          -0.5047474847470521,
          0.1910373084938154,
          0.7416793486246546,
          -0.4479198619652761,
          -0.5680940994327364,
          0.9943070937312807,
          0.0553999914681606,
          0.32435356913762126,
          0.9735756193031593,
          -0.7408270986833916,
          -0.3120877548380466,
          -0.39492481170580485,
          0.5500443541932978,
          0.5132988097603622,
          0.4820269786622962,
          0.4964441799417516,
          0.26529994729203743,
          -1.0012991520691739,
          0.11120826350280512,
          0.364954367366283,
          -0.2531222961833497,
          0.41730705055069944,
          -0.1218656727146762,
          0.46056272729668063,
          -0.4042314240054109,
          0.17780255361463557,
          0.9110729110808383,
          -0.6498663108528421,
          -0.4342278818166491,
          -0.21579828094415432,
          0.5356303980047499,
          0.61151063939385],

         [-0.10443868229339101,
          -0.4333536509096322,
          0.268492305796066,
          -0.07037653429592967,
          0.3846123560568791,
          0.2123829486619555,
          1.102955585154004,
          0.1625590289846206,
          -1.225652687981354,
          1.0372069963947317,
          -0.23954228156995372,
          0.3877874617344015,
          -1.411297597658518,
          -0.6432594646738121,
          0.5432622776986367,
          0.11422260671658241,
          0.5283091197305827,
          0.2358000003485928,
          -0.47499764177459847,
          0.5148146162285989,
          0.6003935853726664,
          0.375275051644383,
          0.13670759896266718,
          0.4364786358135197,
          0.4164250579016863,
          0.6451697266462484,
          0.6247062706668498,
          0.581115117088776,
          -1.08059296313792,
          -0.3769476450690217,
          -0.3316980900948313,
          0.8311201756045093,
          -0.5912817264895167,
          -0.03943973104730655,
          0.23324573305573368,
          -0.45812039310891395,
          -0.02376425268354448,
          -0.7386132717274491,
          0.43930985095195674,
          -0.4093329996659393,
          -1.201690511717546,
          0.6637252561545599,
          0.7628858787476485,
          0.8402212931490692,
          0.7431996796210374,
          0.936469986769145,
          -0.991899624558517,
          -0.22419897956647175,
          -0.46923475257950764]
    ],
    [
        [-1.3650728908750618,
          1.1254842542333685,
          0.5809573147226755,
          0.04162269691833402,
          -0.3265214397866873,
          -0.13448333426651,
          -0.11154915581696216,
          -0.34014248894814714,
          -0.018787415970705868,
          -0.5356538636207013,
          -0.28451633356484274,
          0.9365187778402764,
          1.0851144722486807,
          -2.9361680789876172,
          0.45881571205241367,
          1.4200868569640674,
          0.5684544744589669,
          -2.13263695115295,
          -0.0012026435362658403,
          -0.07745864488686613,
          -1.4143576208235393,
          1.225787403422096,
          0.004177618854992002,
          0.032692275939620374,
          -1.21065513273738],

         [1.9918668938921655,
          -1.3952678374931213,
          1.0377905227237623,
          -0.9379481029790406,
          -1.539758280620117,
          -0.2328533688047322,
          0.28471732267624306,
          -0.18878262485851793,
          0.5945226732775807,
          -0.043117769959259755,
          0.18888424940064144,
          -2.2171602282370335,
          -0.6888544301022451,
          1.7042536477203887,
          -1.0313866765533939,
          0.7175089585454931,
          0.43902499926169114,
          1.069131785571236,
          0.8367715227401858,
          -0.8368115676431607,
          -0.5209138395681533,
          0.4870737699555585,
          -0.9538109364592184,
          0.07891904492208827,
          1.3792720969342953],

         [-0.8956739544972662,
          -0.4101099440927694,
          -1.4199156217994122,
          0.6273252267160557,
          -0.12485836609010634,
          0.8451793619725378,
          -0.9324117675577486,
          0.495699962781659,
          -0.9366082028459685,
          0.8557519605923256,
          0.7901132698263378,
          -0.0056269963871394225,
          -0.2512641318370816,
          1.2945800121947528,
          -1.0672670406764466,
          -1.0369636991672153,
          -0.049311871814136904,
          0.45511558733946894,
          -1.2945876488793397,
          0.805750974560962,
          1.4842984803555705,
          -1.6018808078763216,
          -0.46717281062511873,
          -0.40561399536223797,
          -0.33201590122526553]
    ]
]